n = length(100:20:1640];
time = zeros(n,2);
time = [100,0.003;
120,0.004;
140,0.006;
160,0.010;
180,0.013;
200,0.016;
220,0.023;
240,0.028;
260,0.034;
280,0.042;
300,0.053;
320,0.062;
340,0.074;
360,0.087;
380,0.118;
400,0.118;
420,0.135;
440,0.157;
460,0.195;
480,0.211;
500,0.239;
520,0.340;
540,0.557;
560,0.614;
580,0.696;
600,1.088;
620,1.292;
640,1.328;
660,1.568;
680,1.773;
700,1.823;
720,1.765;
740,2.256;
760,2.716;
780,2.892;
800,3.105;
820,3.437;
840,3.684;
860,3.950;
880,4.244;
900,4.562;
920,4.896;
940,5.153;
960,5.313;
980,5.912;
1000,6.281;
1020,6.591;
1040,7.160;
1060,7.525;
1080,7.981;
1100,8.332;
1120,9.165;
1140,9.458;
1160,10.109;
1180,11.479;
1200,11.301;
1220,12.044;
1240,12.575;
1260,13.066;
1280,9.910;
1300,15.116;
1320,15.213;
1340,17.922;
1360,16.895;
1380,17.976;
1400,18.528;
1420,19.779;
1440,20.358;
1460,21.957;
1480,22.614;
1500,24.544;
1520,24.769;
1540,24.774;
1560,27.345;
1580,29.212;
1600,29.420;
1620,28.892;
1640,28.871;]